11100011101000000000000000000000
11100011101000001010000000000000
11100011101000000001000000010011
11100001010100000000000000000001
11001010000000000000000000011000
11100010100000000010000000000000
11100010100000100001000000000000
11100010100000000000000000000001
11100111100110100011000000010001
11100111100110100100000000010010
11100000000001000100000000000010
11100000100000110011000000000100
11100000000000100010000000000001
11100111100110100100000000010011
11100000000001000100000000000010
11100000100000110011000000000100
11100000000000100010000000000001
11100111100110100100000000010100
11100000000001000100000000000010
11100000010000110011000000000100
11100000000000100010000000000001
11100111100110100100000000010101
11100000000001000100000000000010
11100000100000110011000000000100
11100011101000000101000000001010
11100010000001010101000001100100
11100000001000110011000000000101
11100111100000010011000000010110
11100001010100110000000000000011
00001000000000000000000000011101
11100011101000000010000000100110
11100001010100000000000000000010
11001010000000000000000000000110
11100011101000001001000000000000
11100111100100011001000000010110
11100111100000001001000000010110
11100010100000000000000000000001
11100010010000010001000000000001
11100001010100000000000000000000
00001000000000000000000000001011
11100011101000000001000001001101
11100001010100000000000000000001
11001010000000000000000000000111
11100111100100101001000000010110
11100011101000000100000000000000
11100000010001000100000000001001
11100111100000000100000000010110
11100010100000000000000000000001
11100010010000100010000000000001
11100001010101000000000000000100
00001000000000000000000000001100
11100011101000000100000000000000
11100111100000000100000000010110
11100011101000000000000000000000
11100010100000000000000000000101
11100010100000000001000000000000
11100011101000000011000000000000
11100011101000000100000011001000
11100001010100000000000000000100
11001010000000000000000010000000
11100010100001000100000001100011
11100001010100110000000000000100
00001000000000000000000000001010
11100011101000000101000000000000
11100011101000000110000000000001
11100011101000000111000000000000
11100010100001010111000000000000
11100001010101010000000000000100
00011010000000000000000000100000
11100010100000110011000000000001
11100001010100110000000000000011
00011000000000000000000000001101
11100011101000000110000000000000
11100000010001011000000000001001
11100111100110001010000000010110
11100000000010101010000000000001
11100011101000001011000000001010
11100010000010111011000001100100
11100000001010101010000000001011
11100000100010101010000000000011
11100010100010101100000000000000
11100010100000110111000000000000
11100001010101110000000000000111
00001010000000000000000000010001
11100000010000111000000000001001
11100111100110001010000000010110
11100000000010101010000000000001
11100011101000001011000000001010
11100010000010111011000001100100
11100000001010101010000000001011
11100000100010101010000000000101
11100010100001010101000000000001
11100011101000001011000011111010
11100010100010111011000000110010
11100000011010100110000000001011
11100000011011001101000000001011
11100001010110100000000000000110
00011000000000000000000000100011
11100001010111000000000000001101
00011000000000000000000000100101
11100001010100000000000000000000
00001010000000000000000000100100
11100011101000001011000001001110
11100001010101110000000000001011
10111010000000000000000000001001
11100011101000001011000010011100
11100001010101110000000000001011
10111010000000000000000000001100
11100011101000001011000011101010
11100001010101110000000000001011
10111010000000000000000000001111
11100011101000001011000011111010
11100010100010111011000000110010
11100001010101110000000000001011
10111010000000000000000000010001
11100011101000001001000000000000
11100011101000001011000000000001
11100001010101100000000000001011
00001000000000000000000000110000
11100001010101100000000000000110
00001000000000000000000000100110
11100011101000001001000001001110
11100011101000001011000000000001
11100001010101100000000000001011
00001000000000000000000000110110
11100001010101100000000000000110
00001000000000000000000000101100
11100011101000001001000010011100
11100011101000001011000000000001
11100001010101100000000000001011
00001000000000000000000000111100
11100001010101100000000000000110
00001000000000000000000000110010
11100011101000001001000011101010
11100011101000001011000000000001
11100001010101100000000000001011
00001000000000000000000001000010
11100001010101100000000000000110
00001000000000000000000000111000
11100011101000000100000011001000
11100010100001000100000001100011
11100010100000111010000000000000
11100010000010101010000000000100
11100010100010101010000000000101
11100010010010101010000000000001
11100010011010101100000000000100
11100010100010101010000000000001
11100011101000001001000000000000
11100001010110100000000000001001
00001010000000000000000000000011
11100011101000001001000000000011
11100001010111000000000000001001
00011010000000000000000000000000
11100111100110100010000001100100
11100010011010101100000000000100
11100011101000001001000000000000
11100001010111000000000000001001
00001010000000000000000000001000
11100010100010011001000000000001
11100001010111000000000000001001
00001010000000000000000000001000
11100010100010011001000000000001
11100001010111000000000000001001
00001010000000000000000000001000
11100010100010011001000000000001
11100001010111000000000000001001
00001010000000000000000000001000
11100011101000000110000000000000
11100001010101100000000000000110
00001010000000000000000000000110
11100011101000000110000000000100
11100001010101100000000000000110
00001010000000000000000000000011
11100011101000000110000000001000
11100001010101100000000000000110
00001010000000000000000000000000
11100011101000000110000000010000
11100011101000001001000000010000
11100111100110010111000000000000
11100010100010101010000000000111
11100010100000101001000000000000
11100000110010011001000000001100
11100010111010011001000011111111
11100111100110100111000000000000
11100000101010011001000000000110
11100001100001110111000000001001
11100111100010100111000000000000
11100001010100000000000000000000
00001000000000000000000001111110
11100011101000000000000000000000
11100011101000000001000000000000
